160.39279455876965 216.94921152650585 278.26546524068095 398.34894622669697 287.8767069146311 
277.7247890741917 323.80899634472235 473.4599057434408 163.64219298771678 606.6096025744648 
392.7705373868255 466.7142138770576 432.9714470107921 154.99609388149807 615.262046363798 
106.8630750775718 187.54009835311751 414.9772421500529 426.2173747196506 262.23316152877595 
468.51381607908695 130.82630412010812 98.29241136964534 379.17781756033156 103.2752476749488 
372.81793081716637 375.19225381304443 218.41646443325183 246.87511420260128 81.98425326308444 
451.51960969074463 472.8559109699051 549.3010896792971 144.3998181297385 95.23774925018658 
600.487331379033 619.6584791672284 603.5891223925606 458.84207349292575 155.9526649207553 
208.3560417398817 369.6503641657051 75.33390009920063 454.37432840215644 78.39109350853755 
533.6893420601647 85.09020556945535 551.0416429909062 286.8274738042691 546.157088954156 
489.72319836840023 270.5481390287597 547.5600134901463 67.68514122465535 579.0232692865903 
368.97319844691657 296.4595131820932 251.01204274044966 27.079296623116416 262.70191683313925 
429.99181223857727 162.59495337314573 303.6698926375244 507.47683697758896 438.404576317967 
402.5000552038174 197.01941241236435 561.2754761804146 404.57596997937276 331.16548760093457 
394.01245015528417 514.6071873893445 89.61851579037565 61.63068763153686 413.96057702684527 
21.823236217180437 76.33207842969388 525.8256300528333 142.01510363750208 417.0338350731203 
491.5998072196459 473.51402663047213 358.3195631853947 548.2258421142234 178.82062241893982 
212.48400138240487 408.9956760266552 413.17487072129245 541.4721457658728 448.58010032891275 
315.05659446788883 430.7456379048912 428.8976829542125 334.17033563200164 365.3411483393947 
531.1741766463681 385.411091476619 183.6421182343862 389.56278732077686 398.9257897534358 
533.8133158614648 64.52061347837852 457.5670702176102 551.7224462310974 514.4142493943257 
22.80351239570318 100.8913569276787 489.33326081900935 450.6536998796505 51.1058559665645 
502.72056670649573 495.72203038731993 262.41530181816813 458.20860552564875 452.33258247469917 
28.14540078684718 198.12698715264756 448.60480671976006 410.12723183226035 176.79544562065806 
206.74181672443478 70.6371161906934 379.33248263662574 428.58044957998 120.69299469975674 
41.82024781540299 230.48163628823383 518.6376644004623 370.91669376462875 109.94239824970998 
474.75527727993443 303.1716646788308 105.03655358049078 358.53907896750616 432.28169509852603 
337.212192305356 529.803475829061 415.3334100713504 491.489595149466 590.8852285108894 
448.8846543344543 72.23627177397466 305.606747737746 287.79084700776167 517.0953518323455 
175.50047164460895 522.3984320091218 199.08195826220725 482.16736634457203 394.6223458713838 
