322.830341756461 362.06361593348964 230.0476989084207 322.29771304390044 349.0246454307319 
82.30497140889696 479.4400213924441 176.89886243845143 502.4227416798672 213.5558583537408 
88.76105320947086 292.4016194832393 322.5519308686505 366.48636726209605 13.743292068618286 
62.139763489446935 344.603834212314 171.090753626438 132.362326242829 233.55689928906074 
393.0902414042641 354.6526150518865 60.35850970210443 135.23483535660807 146.2814540876393 
352.699741951137 332.26772278809955 297.2630233449427 442.13025474000176 454.9014421668493 
481.16430795251085 29.402169512268085 421.3845280949806 112.86172287619821 175.31921979026794 
146.4951676331333 228.59179505532882 161.76127541067768 194.9766688797655 155.57849739820506 
116.69867504534174 332.80150851012127 157.45222043005063 344.14715966445493 425.94845107542045 
58.40371347977241 23.755601170169495 334.02628883527285 32.77988385188972 197.11641677956092 
44.9412611622652 290.302636666728 489.4303262702743 430.1842084053874 431.3898657425351 
99.76891504258472 199.94634050449588 206.7309712064097 153.2238350521547 458.33426279481046 
103.30491745897096 239.51082557516605 405.0599685265351 431.853924695022 459.34837786148984 
178.17975563272282 393.30243199250475 179.8311208462528 458.2361553466957 212.0411531145836 
229.17912611533035 156.44452615132587 499.11653708275514 479.2183531129685 335.7245760094263 
228.35417789973073 108.72150641168226 284.2073121995215 401.91249113982894 273.73913056645125 
95.58778168236053 250.7624695564426 42.141109251252686 452.0199180085132 160.60722927433756 
162.06910927816736 444.2744175724486 458.7189819652137 309.6097785190487 365.1551042841056 
414.44248796726396 204.91209352019084 38.681804174997936 241.4953413781118 351.8038665432206 
485.7240344647127 387.92340591206664 370.76190533558423 311.47332516952554 327.32157639621494 
84.3473753728341 139.67313156406075 438.81796384410654 326.8568568534044 119.62326163962877 
172.8946461964009 183.32491548223123 424.8143728611804 233.36944115919417 87.9455366900349 
325.24365324217314 174.2146427579188 397.69642786504346 201.06278296724034 473.2060513776452 
196.12769334843492 23.704571693256504 435.97710334579835 316.02748657981806 135.9494716839439 
235.63920614314986 312.55318510750715 36.89179179722484 59.894282632980904 183.4063371992175 
17.247718449515105 423.1235543873376 356.15654898498485 489.1521466073216 182.3379838738241 
329.75050725818164 330.19470095257486 48.60927143636972 125.8744825404418 280.0595085790623 
308.5906743534478 32.913069588522404 429.3104825741126 111.34892204870715 190.9378429643775 
61.59103062955417 354.76172870623594 199.08073311241418 14.210763745405243 142.42829200796115 
228.8493260776444 417.6354031063141 219.0696014048971 98.91263982656666 45.07915361726738 
