215.51921860959612 150.66577914703686 203.7771833140444 59.32680866045884 104.51211556273715 
590.5125004366773 504.0987306205355 63.89670982229135 445.16176332817423 389.98578040949343 
433.2746385214322 384.8093236589164 179.82505976457963 429.7714041852744 165.58745016844 
521.6512882771035 322.62773697669667 430.2036450596955 214.00245180611103 322.01904199214624 
441.299393031282 219.26665076767424 229.40380331800114 440.6518291261347 425.95912283494954 
119.38239278542811 509.8281773878423 409.148117110153 28.445681632819955 474.0790791613217 
578.2897837376944 412.35934884981424 205.78566978722196 485.6335759728944 137.7903442158294 
417.5545899801601 251.39384663893415 284.78177813329097 62.107926488751055 52.449990498989976 
447.59897717359485 103.59061322528554 30.95843009786883 378.19670534126357 323.08919859636575 
172.58532851347843 368.12321689283186 453.4211263284188 148.8705206438459 313.22600856340875 
191.13687182702216 335.4109940593249 256.33224557064773 146.8268439780603 331.1288588184611 
114.54138075751364 111.01319433088125 391.01215679503247 431.41255251226477 328.0340992303612 
425.6622074972249 464.80269858450504 183.4157727461195 249.14432778918902 346.18687449305435 
373.42606138837925 408.5462176182942 297.8683505027805 494.08431283782676 593.9450528168512 
444.58581020095085 569.2658941792421 598.9474547725268 432.7976295736401 445.20755596394724 
225.49109108881171 404.64089989383285 276.34216473020484 551.2087337269137 247.62560693706914 
82.73986715973123 105.50190677072602 442.05411108211257 193.4077798168696 136.82613949235008 
595.6023207915663 526.3229758134241 156.95152869552493 331.23469080293154 72.49492400782756 
179.65379495337407 76.54875646614707 327.84464279555357 546.061659108238 588.7800650157793 
86.64895694584708 64.5085855913455 192.1932879708847 110.2513215081186 360.1098715491099 
458.7136815420414 204.3356749374394 202.4329114943429 236.81286478590286 370.06850133799594 
85.6976701461591 539.37830508725 184.73680619830878 305.20931129284764 603.2144665916575 
465.1677776289051 89.5841412962883 98.71954186288541 174.35987766117566 97.30709091673707 
119.0530955685531 153.65612499086237 607.901753032172 537.7800007634427 357.8494840227829 
375.2766493793845 469.69374275249635 400.3483667698252 359.5320658608196 81.56079329585188 
94.59764973971032 412.6934725516287 511.28516261222984 524.1200600100001 415.62976380510116 
401.992533465172 57.71227816619527 403.08938722473107 131.42516262909572 122.52388831413484 
579.7444166733783 109.59442761351288 83.11354713720687 533.8948207898598 474.7569485164323 
579.3883713383784 461.700502825903 488.48569935250356 333.9886800876684 191.25178132637268 
617.0478751869401 136.70411755484815 263.35698204289736 493.7494865220635 589.5470211394436 
