45.39287209742214 123.7809630886878 186.36517331162366 14.831772470895501 506.5310088795762 
142.84667854881278 243.34403128227444 270.2058300985881 163.24373181287754 37.07630968006236 
282.0438638319628 347.5379007759735 489.43128942756084 466.284562455041 326.36983706297724 
239.00252363021633 59.22322656675993 439.85853026261645 105.05567902428874 105.48823715182247 
288.8383561094741 336.4572440767647 355.18437045609244 434.3739266596917 114.75444798579603 
395.6655849418248 78.62017954421151 201.4860967717549 422.640913599652 27.305693931400523 
128.3052638515838 445.44014909040123 166.50752721837307 409.10894209498457 126.37381113695666 
287.5688663838345 242.52235441093066 468.4516439783168 341.0369906567831 55.641127593209816 
306.95200732525063 468.85762566032514 274.191772342122 294.5740735731405 352.67725160011736 
46.970693056920524 336.70675506137525 72.34176652187878 483.7373342965334 170.70033867720218 
113.3380799871152 114.28355183288923 452.3558453024974 114.24347553731339 344.22865595951373 
424.0151466976657 147.90148532135694 170.6857189567305 374.943694633529 174.14570516970545 
352.2367577886662 447.88498631577204 451.9958307311341 275.0038504918785 200.9077082332535 
218.34074550930626 365.8127916581337 154.57593557297577 414.6278290102677 418.7520286274418 
68.10085082865663 407.85948888806166 490.50936840590816 19.967195146181552 15.55717424319413 
98.8351923700928 167.4949720518008 113.02878840153312 116.88414937695012 123.26027033633046 
105.4429738798216 182.01633924489562 285.0588021990805 165.48663229171888 342.31930553352464 
159.39054633489206 221.8105962705577 407.50674178501504 218.94928558761987 484.54166088643626 
186.2604179927208 273.43040887351964 85.78229101927103 11.245456903428865 124.67423939463406 
117.59562365851689 231.1225387550463 234.72973765045163 163.28432586124984 389.5165576667566 
95.27902816606614 434.05454704830726 91.13114863966075 433.87181701247476 460.0878239064067 
450.50927889264307 84.87930538440341 208.7361225440587 428.2597336925934 447.72972964592736 
52.56033663290621 330.25849718456294 132.00660884801778 124.2382467238216 98.19566324094701 
476.99019154953737 235.39926633075675 474.1100664549921 234.25287912121132 312.0653051167924 
419.91030104682085 316.46909421824256 93.88830021456062 206.43730795453186 167.59479089260176 
439.51603094620583 19.929112070520105 171.37473693215344 281.36204784454543 329.79218418115227 
32.54806539536991 33.418835561181574 206.79161498020719 82.38198335615343 302.58398371325177 
10.006646083922924 344.9465472647161 212.7572804421278 382.4611107297723 468.96246824362987 
170.63711265687 215.96673503077872 71.66049821357967 280.06077984653916 95.58810410579004 
343.87317500414673 418.69643590836205 291.86393215563385 140.96276860719675 196.14225048723776 
